name: Zonal ELCM Model

model_type: discretechoice

choosers_fit_filters: null

choosers_predict_filters: null

alts_fit_filters: null

alts_predict_filters: null

interaction_predict_filters: null

choice_column: zone_id

sample_size: 100

estimation_sample_size: null

prediction_sample_size: null

model_expression: ln_avg_unit_price_zone +nb_pop + res_units_per_bldg + ln_non_residential_sqft_zone
    +mean_income + percent_hh_with_child + parks_3mi + golf_courses_3mi +schools_3mi
    + fast_food_3mi + cafes_3mi

fitted: true

choice_mode: aggregate

fit_parameters:
    Coefficient:
        cafes_3mi: 0.004345500683575503
        fast_food_3mi: 0.013099536636356959
        golf_courses_3mi: 0.014147093575491909
        ln_avg_unit_price_zone: 0.3185680279622283
        ln_non_residential_sqft_zone: 0.03303468694511873
        mean_income: 1.6479371080483426e-06
        nb_pop: 7.343779992396983e-05
        parks_3mi: -0.00037726602084540983
        percent_hh_with_child: -0.0006573866835590384
        res_units_per_bldg: 0.24649277996633626
        schools_3mi: -0.005396434266466219
    Std. Error:
        cafes_3mi: 0.0029218046091525527
        fast_food_3mi: 0.0034982059603773596
        golf_courses_3mi: 0.009857171379500273
        ln_avg_unit_price_zone: 0.0205948345222261
        ln_non_residential_sqft_zone: 0.008830311301200454
        mean_income: 1.1121966009991413e-06
        nb_pop: 5.756803280275588e-06
        parks_3mi: 0.001138315507731168
        percent_hh_with_child: 0.0023219257179297272
        res_units_per_bldg: 0.05085441396775101
        schools_3mi: 0.003193561248094056
    T-Score:
        cafes_3mi: 1.4872660101785118
        fast_food_3mi: 3.7446441932606738
        golf_courses_3mi: 1.4352082388374912
        ln_avg_unit_price_zone: 15.468346085443283
        ln_non_residential_sqft_zone: 3.7410557587735056
        mean_income: 1.4816958679498922
        nb_pop: 12.756697831865855
        parks_3mi: -0.33142482754834557
        percent_hh_with_child: -0.2831213240297699
        res_units_per_bldg: 4.847028226943054
        schools_3mi: -1.6897857430123993

probability_mode: single_chooser

log_likelihoods:
    convergence: -6116.83702471493
    'null': -6640.655408194777
    ratio: 0.07888052477974372
