name: Zonal HLCM Model


model_type: discretechoice


choosers_fit_filters: null


choosers_predict_filters: null


alts_fit_filters: null


alts_predict_filters: null


interaction_predict_filters: null


choice_column: zone_id


sample_size: 100


estimation_sample_size: null


prediction_sample_size: null


model_expression: ln_avg_unit_price_zone +nb_pop + residential_unit_density_zone +
    ln_non_residential_sqft_zone +mean_income + percent_hh_with_child + parks_3mi
    + golf_courses_3mi +schools_3mi + fast_food_3mi + cafes_3mi


fitted: true


choice_mode: aggregate


fit_parameters:
    Coefficient:
        cafes_3mi: 0.00450617657029123
        fast_food_3mi: 0.013296631865993284
        golf_courses_3mi: 0.021948338425080396
        ln_avg_unit_price_zone: 0.32530110956591496
        ln_non_residential_sqft_zone: 0.03094321702969055
        mean_income: 1.1466523730941074e-06
        nb_pop: 7.004864012092289e-05
        parks_3mi: -0.0009243042683239007
        percent_hh_with_child: -0.0023949814677332306
        residential_unit_density_zone: 0.013779648300142411
        schools_3mi: -0.005031249607898527
    Std. Error:
        cafes_3mi: 0.0029180057542335103
        fast_food_3mi: 0.0034896809140570187
        golf_courses_3mi: 0.009790650373263512
        ln_avg_unit_price_zone: 0.017299689330360617
        ln_non_residential_sqft_zone: 0.008830115602610045
        mean_income: 1.0878360288500342e-06
        nb_pop: 5.703934487461011e-06
        parks_3mi: 0.0011466715690777274
        percent_hh_with_child: 0.0021601811786936213
        residential_unit_density_zone: 0.0037782696548661486
        schools_3mi: 0.0031814728656888998
    T-Score:
        cafes_3mi: 1.5442658273560854
        fast_food_3mi: 3.810271538704936
        golf_courses_3mi: 2.2417651114391055
        ln_avg_unit_price_zone: 18.803870020660884
        ln_non_residential_sqft_zone: 3.5042822112707355
        mean_income: 1.0540672883451458
        nb_pop: 12.280758181025954
        parks_3mi: -0.8060758575075881
        percent_hh_with_child: -1.1086947203111943
        residential_unit_density_zone: 3.6470791020421696
        schools_3mi: -1.5814215051647427


probability_mode: single_chooser


log_likelihoods:
    convergence: -6128.23600903166
    'null': -6640.655408194777
    ratio: 0.0771639797076017
